62DEFER
18863
23194
32159
41312
93871
145586
155764
177529
190369
192654
207228
209678
210254
216650
226069
230321
240343
262413
274148
289299
291729
298135
305785
306675
312121
312765
328829
332345
341723
352585
353483
353564
370708
378606
379593
382282
390220
404878DEFER
413009
421801
422585
423663
426492
437169
439217
439672
440023
442009
442503
454088
460025
464191
483829
485248
489560
491195
517321
518484
535077
547258
548028
554427
555879
573865
576873
594805
596908
598834
604390
607536
607731
632238
633592
640963
654397
656757
662214
682565
687605
691440
692528
698255
712892
715389
726317
734720
740606
755819
760133
764644
768518
777534
785223
792232
792464
793674
793847
797350
802428
807633
814719
824360
839794
841555
845991
853724
855468
860267
864530
878702
898543
902823
913611
913661
922476
937418
937507
941214
942346
942924
950892
951868
952104
967105
969148
974543
975448
979665
983367
988770
989724
999721
1002394
1005173
1008837
1014699
1019037
1022067
1024593
1037520
1042198
1044977
1050483
1076203
1078628
1084233
1085123
1121465
1122291
1136068
1147117
1147284
1150998
1153413
1165150
1187922
1188823
1197350
1209117
1220229
1221608
1224871
1232683
1235105
1253763
1266601
1271859
1279651
1280523
1280838
1298494
1310106
1312268
1316104
1329664
1338609
1346013
1351777
1355319
1356474
1380476
1385242
1391862
1410711
1413913
1418706
1420050
1432596
1436556
1437062
1439588
1443350
1453853
1457451
1467684
1475715
1483853
1486850
1488684
1495586
1497243
1511446
1513005
1513821
1543777
1549802
1554000
1554762
1555268
1561460
1561467
1566388
1570494
1579656
1584083
1604268
1616474
1618964
1631335
1645032
1657977
1668692
1670112
1674605
1676965
1688658
1688920
1694866
1695246
1699495
1705014
1724930
1732547
1741335
1748500
1759828
1761935
1762199
1765188
1771114
1774417
1775637
1787966
1792423
1803702
1807649
1809058
1813052
1814171
1818898
1832703
1845672
1852892
1856950
1858772
1864761
1876342
1878469
1885510
1890365
1890776
1891453
1892405
1911513
1915358
1916083
1919238
1921893
1926136
1927768
1934708
1946989
1948709
1959553
1967688
1970273
1971444
1977792
1982542
2007718
2017817
2025317
2027405
2029793
2032922
2052782
2053361
2053621
2064041
2074561
2079251
2105813
2110896
2120054
2123488
2136632
2137876
2140437
2141640
2148983
2153421
2156104
2159085
2165826
2166375
2167779
2176774
2197988
2201604
2203287
2203582
2204845
2210757
2214301
2217453
2223757
2225434
2232236
2235474
2239910
2242179
2261734
2261753
2263407
2270488
2270703
2270783
2274998
2275108
2288063
2289216
2293022
2299249
2313223
2318370
2325371
2334841
2343626
2349605
2356929
2358300
2359765
2363667
2378440
2381976
2383480
2391478
2398127
2407545
2427804
2428435
2442318
2443348
2443977
2453663
2462862
2470070
2471757
2483761
2486256
2495929
2497447
2506387
2515899
2516739
2521228
2523097
2529805
2540076
2540959
2544374
2544564
2553355
2559949
2567151
2571120
2572189
2573213
2576754
2577334
2580095
2584991
2585022
2590482
2607965
2608848
2609734
2612669
2615685
2618669
2632179
2637498
2640723
2647194
2654716
2663081
2684072
2685953
2687902
2703451
2710979
2712906
2729174
2730358
2739081
2745188
2769695
2770479
2771995
2772103
2798859
2799084
2801276
2804510
2813716
2815610
2825086
2831524
2832597
2837611
2863805
2890745
2892580
2899730
2905036
2905341
2908922
2913763
2914352
2918700
2919811
2924252
2930022
2942071
2959718
2973965
2976573
2978164
2982259
2990573
2994703
2995783
2999475
2999562
3015737
3020608
3043974
3069845
3077379
3090026
3092896
3102855
3108428
3120857
3122127
3122296
3125006
3130580
3142578
3180644
3196666
3201552
3213003
3213226
3217261
3285151
3313075
3315091
3316173
3319188
3319896
3334288
3334456
3335849
3341783
3351480
3355217
3358947
3375892
3378823
3392541
3397985
3398614
3402294
3414884
3422155
3423824
3425375
3425503
3427608
3428681
3434593
3437367
3448352
3467680
3473701
3477222
3478535
3480182
3482856
3489952
3495436
3495707
3497402
3498988
3501302
3503775
3504639
3525183
3530736
3537491
3539466
3542399
3561578
3562890
3566964
3569964
3574667
3589065
3610515
3615197
3623312
3625551
3627404
3627964
3651813
3653626
3654531
3660976
3663856
3667023
3685588
3686459
3688797
3693313
3699161
3706015
3718828
3721130
3737681
3741276
3755200
3755507
3760843
3772253
3784733
3803181
3806338
3809507
3809593
3810538
3818124
3828877
3831333
3834139
3835455
3840061
3847022
3847606
3850717
3858014
3859882
3860464
3860491
3869946
3878320
3888695
3890120
3905894
3906197
3908828
3911522
3921464
3927868
3933872
3941155
3944714
3945543
3949708
3958077
3958738
3961235
3966439
3983024
3983327
3986803
3988919
3995119
3996951
4005613
4018993
4023267
4029480
4033248
4035056
4647936
4654078
4656447
4657431
4659329
4660706
4661122
4664724
4666738
4667423
4673248
4680231
4685703
4688336
4689068
4698867
4701475
4702532
4707170
4724432
4725478
4729029
4739851
4744556
4746849
4752527
4754912
4755305
4772561
4775749
4776876
4783503
4786906
4798193
4800036
4806238
4810180
4818215
4821021
4821997
4838067
4842436
4856563
4865425
4869066
4881555
4881616
4883169
4885639
4897227
4905269
4922136
4932230
4938743
4963102
4968078
4976641
4977208
4980760
4986320
4992661
4998896
5001478
5009943
5013667
5015882
5036242
5040860
5046420
5048957
5050524
5053515
5055590
5055957
5068350
5084515
5091048
5093899
5094248
5102498
5102510
5102647
5103719
5107271
5108882
5112161
5118910
5119664
5120132
5122597
5124526
5142164
5144529
5145647
5146597
5147657
5157137
5174531
5179184
5196785
5201593
5203315
5209591
5229258
5238500
5241704
5247052
5254983
5258701
5263587
5283314
5292523
5293016
5308262
5309069
5319135
5320947
5349274
5350046
5360913
5364542
5366847
5383628
5385146
5388092
5393257
5398518
5405645
5407825
5409384
5409971
5415507
5424544
5427175
5428813
5430160
5430191
5433349
5460856
5461820
5473112
5476443
5480353
5480824
5481562
5485552
5487541
5489003
5496400
5502569
5507355
5511811
5520095
5523913
5524979
5537012
5542363
5544275
5557710
5564055
5565244
5579207
5580044
5592384
5594188
5597577
5617726
5618835
5623280
5632667
5633591
5640127
5644711
5656328
5662298
5671540
5675355
5682799
5689080
5702763
5705586
5707681
5712549
5713913
5735160
5736625
5747648
5752929
5764610
5775563
5779288
5780216
5791083
5798008
5810372
5812759
5824411
5830579
5847892
5848384
5848729
5855600
5864041
5868056
5873667
5882548
5892171
5892373
5913651
5921385
5921573
5924121
5937317
5940335
5942904
5945822
5950666
5955231
5957994
5959171
5959810
5966081
5970902
5972895
5975977
5982567
5983003
5983322
5986387
5989678
5994856
5999441
5999668
6007452
6008298
6009148
6015830
6016641
6018559
6042086
6042775
6048372
6050728
6052104
6057605
6058386
6064711
6066824
6068300
6079307
6086474
6093291
6094620
6095849
6096734
6101704
6108776
6109199
6115412
6122487
6125509
6132363
6133060
6141903
6146318
6150248
6150623
6151633
6157267
6157327
6173843
6180501
6180877
6185933
6188507
6200735
6211524
6211659
6225304
6225427
6230243
6255846
6256203
6257154
6257972
6258107
6258701
6260189
6265819
6274643
6294181
6906586
6910542
6926475
6932299
6945321
6959420
6969412
6976854
6977087
6982995
6993738
6994011
6996427
7032427
7033903
7053534
7065504
7072838
7076281
7076337
7085779
7091134
7095253
7118719
7131616
7144959
7148959
7156189
7158239
7169296
7170413
7170695
7184996
7186011
7189219
7192990
7204360
7204559
7205148
7205195
7206936
7211678
7213970
7216805
7221229
7226217
7226229
7242703
7244196
7249067
7263710
7268087
7276366
7284242
7292139
7293792
7294626
7296746
7298127
7299725
7305572
7309466
7343472
7343682
7362122
7377886
7378492
7380645
7388813
7389615
7391474
7394411
7399417
7400908
7401696
7405979
7408794
7408862
7417099
7425912
7435629
7439355
7440459
7440894
7445369
7448547
7453346
7456719
7461854
7469355
7488279
7499607
7521386
7523978
7539118
7540950
7555545
7559060
7564650
7569755
7580739
7593891
7598355
7598369
7601525
7602870
7612915
7617237
7621964
7645625
7653481
7657096
7660013
7668621
7679866
7680626
7686672
7687902
7692154
7703749
7707234
7708597
7715304
7715386
7727083
7728861
7730525
7731096
7736639
7737963
7753834
7759120
7760992
7765977
7767273
7769723
7772143
7773302
7774726
7777982
7780094
7784222
7789150
7807325
7810855
7817986
7818838
7827242
7833017
7838900
7840436
7844308
7854859
7860452
7875570
7877578
7884785
7886499
7890670
7904280
7904849
7919289
7929949
7931818
7936659
7938494
7947173
7948446
7966400
7968886
7984445
7985755
7992651
7993022
8020803
8021520
8027642
8031627
8036790
8038294
8042865
8058682
8062895
8101921
8102814
8104057
8107402
8111776
8115013
8121597
8126822
8129439
8134141
8138977
8145545
8150288
8168182
8176572
8182287
8182798
8194243
8194561
8197115
8200778
8216787
8218849
8222532
8224794
8231732
8232028
8237808
8249931
8250400
8257496
8267504
8275765
8278232
8278894
8292007
8298968
8302644
8306543
8312685
8313182
8320792
8321446
8326633
8334140
8334673
8342586
8343928
8346572
8352430
8365286
8366553
8369709
8378451
8387181
8390873
8414547
8449677
8459050
8459425
8460489
8465093
8465801
8467017
8491484
8496306
8501412
8509069
8521062
8522919
8524073
8525433
8528379
8537768
8544860
8547990
8563840
8576047
8577911
8584042
8584660
8587114
8602202
8603534
8608180
8616268
8616647
8620056
8620193
8620253
8627791
8643171
8653068
8662714
8671275
8676159
8677631
8678294
8687331
8690122
8697901
8699861
8708755
8712410
8720518
8721517
8723214
8725851
8752843
8756224
8774754
8780707
8783630
8792380
8795029
8806812
8813801
8819741
8842658
8853997
8856699
8862623
8871473
8875591
8879297
8902043
8902183
8909611
8911341
8914322
8920311
8929726
8930147
8931187
8943945
8944385
8946418
8955589
8961731
8974861
8976469
8979237
8987261
9014791
9027805
9032947
9036183
9039023
9041896
9086554
9092781
9096483
9100292
9111963
9117729
9119312
9130484
9131050
9153704
9161223
9167330
9167710
9171754
9188448
9190478
9190618
9203772
9205500
9207163
9207909
9215139
9217348
9228238
9228457
9231097
9232041
9237332
9265710
9266300
9269356
9280980
9291223
9298561
9299307
9302003
9304044
9323331
9346989
9367131
9368025
9368319
9372735
9377570
9386850
9392453
9408017
9424508
9429467
9437227
9438057
9452162
9454111
9459270
9462581
9494925
9499047
9508287
9510690
9511241
9511312
9526553
9528524
9531285
9533156
9535089
9535912
9539544
9549782
9557398
9560474
9565380
9576193
9578907
9589775
9591697
9597043
9599413
9611333
9611390
9618397
9625557
9626320
9626460
9629661
9647189
9655114
9655177
9657335
9660727
9668656
9680994
9682152
9682543
9688842
9695683
9696878
9702331
9705548
9719296
9722072
9742701
9747270
9747510
9748606
9751089
9757479
9758047
9760333
9763344
9765266
9778067
9779297
9787571
9788363
9788581
9788762
9789212
9800920
9808153
9812853
9821062
9828301
9829173
9833563
9845226
9846547
9848890
9851529
9852005
9862705
9873587
9886420
9887631
9893121
9897391
9898817
9910078
9910848
9911870
9913677
9917554
9922667
9923880
9926283
9928946
9943851
9952807
9961851
9971181
9981020
9989484
